# Created by Octave 3.8.0, Fri Apr 10 23:20:34 2020 EDT <bdavis@macpro.local>
# name: V
# type: matrix
# rows: 1
# columns: 5
 1 2 3 4 5


